calculator 0.93926 1.9017 0.736396 311.789 215.242 401.135 210.935 44.1048
calculator 0.953839 1.99242 0.0425905 261.187 233.58 412.437 207.004 2.72631
headphones 0.642959 0.731603 -0.323992 342.096 246.487 394.981 539.884 84.8696
smartwatch 0.563821 1.08369 0.623733 292.832 241.378 175.178 161.65 2.2026
smartwatch 0.792119 1.39137 0.685561 283.168 227.824 191.179 137.404 31.7014
bull_statue 0.59028 1.62133 0.791042 298.66 240.38 209.8 129.4 53.1301
bull_statue 0.696716 1.83153 0.218117 287.026 178.94 199.848 109.116 23.1986
optical_mouse 0.844267 1.65981 0.699835 255.718 209.767 312.789 188.449 43.1524
optical_mouse 0.861521 1.78022 0.424691 277.421 189.988 328.38 184.461 22.0295
pen 0.756134 7.14135 0.282362 325.735 219.076 361.581 50.6321 16.8735
pen 0.621983 0.137832 -0.8701 334.252 190.782 46.241 335.488 42.1579
pen 0.679834 7.92258 0.605309 301.086 327.011 347.281 43.8344 32.451
fork 0.386615 6.50483 0.666236 222.334 318.845 489.702 75.2828 34.3376
fork 0.567823 6.81873 0.51752 267.442 307.748 490.33 71.9093 27.2236
bottlecap 0.808413 1.13462 1.07548 318.538 239.997 167.428 147.564 85.6013
bottlecap 0.806227 1.04151 0.867219 319.586 204.664 153.738 147.61 62.1985
wallet 0.924678 1.24094 0.711947 263.545 254.527 294.472 237.297 49.0377
wallet_opened 0.891978 2.44977 0.539728 335.297 215.38 574.852 234.656 31.1688
specs_case 0.896096 2.32631 0.883984 311.239 252.644 436.452 187.616 51.6325
bull_statue 0.573916 1.54506 0.240917 299.906 183.508 212.669 137.644 21.5014
bull_statue 0.668431 1.7899 1.05073 260.945 186.662 208.111 116.27 49.7636
bull_statue 0.533503 1.40545 0.452623 274.936 159.437 208.904 148.639 19.6121
bull_statue 0.678941 1.91945 0.00460937 311.304 157.593 207.031 107.86 7.49586
bull_statue 0.528289 0.502036 -1.44652 282.351 186.366 118.574 236.186 6.67447
bull_statue 0.534951 0.535487 -1.31605 325.443 215.304 122.004 227.837 26.811
pen 0.682142 8.18409 0.173345 255.496 242.577 338.546 41.3664 8.01709
pen 0.609686 9.53058 1.44758 250.003 257.992 329.229 34.5445 81.9331
pen 0.688554 0.124922 -0.216955 243.387 186.378 41.4545 331.843 79.3543
pen 0.725682 7.84027 0.141758 214.861 195.402 358.247 45.6932 8.74616
pen 0.730419 8.28603 0.970625 266.999 160.744 349.668 42.1997 54.6434
pen 0.79617 8.53648 0.353153 246.582 202.135 375.634 44.0033 20.2249
smartwatch 0.755181 1.46561 0.946016 257 219.5 195.869 133.643 45
smartwatch 0.628471 1.11573 1.05171 252.946 185.816 170.298 152.634 84.0938
smartwatch 0.792808 1.86193 1.36689 246.212 171.558 185.134 99.4309 78.6901
smartwatch 0.550583 1.32384 1.26724 258.177 158.706 180.447 136.305 75.9638
smartwatch 0.787226 1.43708 0.87348 265.396 161.361 190.598 132.628 47.663
headphone 0.6815 0.771283 -0.376095 332.55 203.353 409.096 530.41 53.7853
headphone 0.698781 0.720669 -0.462415 308.41 224.089 384.524 533.565 73.9534
knife 0.806668 6.45551 0.315455 335.569 230.538 541.341 83.8573 19.2171
knife 0.79537 6.44452 0.335576 305.175 266.602 544.388 84.4731 18.178
scissors 0.348412 2.89849 0.578041 293.306 287.436 546.229 188.453 44.5474
scissors 0.381212 0.395403 -0.546007 301.637 276.165 205.929 520.809 72.6619
scissors 0.365236 0.430964 -0.256986 300.007 266.767 230.162 534.062 88.4015
scissors 0.319228 0.487881 -1.18539 251.266 238.549 235.9 483.52 33.2875
specs_case 0.903871 2.16541 0.375073 276.154 218.611 437.534 202.056 20.2826
specs_case 0.88088 0.474087 -0.668969 323.345 172.88 203.107 428.416 53.7462
specs_case 0.900161 0.48124 -0.3824 332.233 282.913 214.634 446.003 68.0661
specs_case 0.896273 2.33626 0.614072 283.176 182.054 433.72 185.647 35.5377s
knife 0.787254 6.50488 0.745548 285.42 221.529 529.673 81.427 43.4657
